10 9 45
20 5 88
38 3 88
53 3 45
37 0 95
23 10 95
22 4 88
24 10 95
54 10 45
42 6 88
22 6 88
38 4 41
50 3 88
60 7 45
29 15 95
37 16 45
24 4 40
47 5 88
16 12 45
38 6 41
23 14 88
26 17 88
52 13 88
21 9 95
51 15 88
30 17 88
48 4 88
23 8 95
42 7 88
45 17 88
54 6 88
56 6 88
41 7 88
44 1 95
49 14 95
37 3 41
36 0 95
48 16 88
57 10 61
35 0 45
15 10 45
24 15 88
22 8 88
48 2 88
53 14 88
44 18 88
29 18 88
41 3 88
42 2 88
55 10 45
22 12 92
29 16 88
27 12 88
47 9 95
54 13 88
54 15 47
36 16 45
48 7 92
28 1 95
54 5 88
19 12 88
56 8 45
22 5 88
40 18 88
54 8 45
19 14 88
20 9 95
52 12 47
50 7 95
57 12 88
21 14 88
23 6 47
34 0 45
18 7 88
12 9 95
18 8 88
13 9 95
30 15 47
46 18 45
35 9 88
17 10 95
17 12 92
28 18 88
21 6 88
23 15 88
45 15 95
57 13 47
43 7 88
20 12 88
26 3 40
56 7 88
53 16 45
53 11 88
44 7 88
37 8 88
25 13 88
46 3 88
46 9 95
44 16 45
49 16 88
43 2 88
24 13 88
45 3 88
22 16 45
48 10 47
36 18 88
40 7 88
41 16 45
40 5 45
52 10 95
53 15 88
37 9 88
25 6 40
49 3 88
41 2 88
34 18 88
41 17 88
45 6 88
20 14 88
17 7 88
50 16 88
51 13 47
52 16 45
23 4 88
19 6 88
34 3 79
25 15 88
42 16 45
52 15 88
31 10 88
23 3 88
22 7 47
38 8 88
18 10 95
29 1 45
25 2 45
29 12 88
38 1 45
22 14 88
29 11 88
59 7 45
57 8 45
18 5 47
18 13 88
51 6 92
35 18 88
30 11 88
45 2 88
22 13 88
51 2 95
14 11 95
56 10 45
59 9 45
56 5 92
33 18 88
28 12 88
27 11 88
47 17 88
28 15 95
48 3 88
44 6 88
43 18 88
36 17 88
22 11 47
56 14 47
45 9 92
57 6 92
53 10 95
21 12 88
48 5 88
27 2 40
49 2 88
18 6 88
53 13 88
31 18 88
39 5 41
24 3 88
48 15 45
39 8 88
28 17 88
53 6 88
31 0 95
39 18 88
17 9 88
19 8 88
57 7 88
33 10 88
38 2 88
29 17 88
25 17 88
26 15 45
47 11 39
33 17 88
39 3 88
38 16 45
54 7 88
32 18 88
48 11 45
24 5 40
57 9 45
39 2 88
30 18 88
52 5 88
51 8 92
45 5 88
50 2 88
56 11 88
55 6 88
21 15 88
44 3 88
21 16 45
49 7 95
11 10 45
53 12 88
24 8 95
25 8 47
15 12 45
26 10 47
41 5 45
35 17 88
19 7 88
51 3 88
31 17 88
21 7 88
32 4 85
43 17 88
25 12 88
57 11 88
27 17 88
48 17 88
37 2 41
42 17 88
27 16 88
51 10 95
47 16 88
47 6 88
9 9 45
55 7 88
17 8 88
45 1 95
39 17 88
26 18 45
26 12 88
23 16 88
24 16 88
54 14 88
32 16 45
34 10 88
55 11 88
34 17 88
34 9 88
38 17 88
58 9 45
49 11 45
39 1 45
52 4 88
34 16 45
55 14 88
25 10 95
14 9 95
47 2 88
33 0 45
52 8 95
43 1 95
56 13 88
24 12 88
19 10 47
27 15 45
24 14 88
52 7 92
50 4 88
17 6 47
53 5 88
44 2 88
33 16 45
19 9 88
39 16 45
12 10 45
26 16 88
42 5 95
21 11 95
30 3 79
46 6 88
21 5 88
26 2 45
22 3 45
53 4 88
52 3 88
47 3 88
52 6 88
25 16 88
23 13 88
19 13 88
40 2 88
47 4 88
39 7 88
36 8 88
37 18 88
58 7 45
20 11 95
55 8 45
25 3 88
21 8 88
43 3 88
53 8 95
40 16 45
47 15 45
27 10 92
43 6 88
40 8 88
20 7 88
22 15 88
54 12 88
55 12 88
40 17 88
23 2 95
11 9 45
18 12 47
26 7 47
16 10 45
21 4 88
55 5 88
24 17 92
41 8 88
17 13 92
41 18 88
46 17 88
19 11 95
52 14 88
31 11 88
30 16 45
31 16 45
32 10 88
35 10 88
24 2 95
44 17 88
45 18 88
30 10 88
20 15 92
21 13 88
49 17 45
50 15 88
29 2 47
49 4 88
27 18 45
32 0 95
50 11 45
23 5 88
51 4 88
51 14 88
38 18 88
43 16 45
21 3 45
46 2 88
20 4 47
46 5 88
18 14 92
19 5 88
53 7 88
40 1 95
20 13 88
42 3 88
40 3 88
35 2 92
49 5 88
32 11 88
32 6 79
38 9 88
42 1 95
50 5 88
36 9 88
56 12 88
33 9 88
20 6 88
51 5 88
52 11 88
54 11 88
26 13 88
28 11 88
54 4 92
42 18 88
37 1 95
50 14 47
37 17 88
35 16 45
60 8 45
22 9 47
32 17 88
13 11 45
41 1 95
61 7 45
28 16 88
20 8 88
55 13 88
18 9 88
51 16 88
46 15 95